hw14_1
f=sin(x).^2
            h  trapezoidal    midpoints     simpsons
          0.1   0.00075825  -0.00037932  -1.2644e-07
         0.05   0.00018947  -9.4746e-05  -7.8956e-09
        0.025   4.7361e-05  -2.3681e-05  -4.9336e-10
       0.0125    1.184e-05    -5.92e-06  -3.0833e-11
      0.00625     2.96e-06    -1.48e-06  -1.9271e-12

f=exp(sin(x).^2)
            h  trapezoidal    midpoints     simpsons
          0.1    0.0015397  -0.00077042  -3.6413e-07
         0.05   0.00038466  -0.00019237  -2.2725e-08
        0.025   9.6149e-05  -4.8076e-05  -1.4198e-09
       0.0125   2.4036e-05  -1.2018e-05  -8.8729e-11
      0.00625    6.009e-06  -3.0045e-06  -5.5451e-12

f=sin(2*pi*x).^2
            h  trapezoidal    midpoints     simpsons
          0.1   1.1102e-16  -5.5511e-17  -5.5511e-17
         0.05            0            0            0
        0.025            0   1.1102e-16  -5.5511e-17
       0.0125   2.2204e-16  -5.5511e-17  -5.5511e-17
      0.00625            0   1.1102e-16   1.1102e-16

f=exp(sin(2*pi*x).^2)
            h  trapezoidal    midpoints     simpsons
          0.1  -2.7115e-05   2.7115e-05   9.0385e-06
         0.05    8.713e-13  -8.7153e-13  -2.9043e-13
        0.025   2.2204e-16   6.6613e-16            0
       0.0125   8.8818e-16   6.6613e-16            0
      0.00625   1.7764e-15   2.2204e-16   2.2204e-16
diary