%12.2-2 (a)
            n     spline        pchip
            5      0.45478      0.52396
            9     0.038978      0.10085
           17     0.036685     0.049672
           33   0.00082725    0.0069303
           65    5.496e-05    0.0030667
%12.2-2 (b)
            n     spline        pchip
            5      0.31708      0.21419
            9     0.056154     0.020909
           17    0.0037454     0.015319
           33   0.00065551    0.0062989
           65   4.0336e-05    0.0017496
diary
