
hw13_4
            h       err-1f       err-2c       err-1f       err-2c       err-1f       err-2c
            1          NaN          NaN      -1.3806      -1.5987      -4.5642      -5.0045
          0.5          NaN          NaN     -0.89236      -1.4849      -3.9522      -4.9931
         0.25          NaN          NaN      -0.5773      -1.1961      -3.4277      -4.9649
        0.125          NaN          NaN     -0.35977     -0.32439      -2.8861      -4.8899
       0.0625          NaN          NaN      -0.2112     0.092644      -2.3019      -4.6808
      0.03125          NaN          NaN     -0.11701     0.019701      -1.7049      -4.0838
     0.015625          NaN          NaN    -0.062095    0.0047589      -1.1568      -2.2779
    0.0078125          NaN          NaN    -0.032069    0.0011799     -0.71749      0.54824
    0.0039062          NaN          NaN    -0.016308   0.00029437     -0.41165      0.10235
    0.0019531          NaN          NaN   -0.0082248   7.3555e-05     -0.22305     0.024243
   0.00097656          NaN          NaN   -0.0041304   1.8386e-05     -0.11654     0.005984
   0.00048828          NaN          NaN   -0.0020698   4.5965e-06    -0.059635    0.0014913
   0.00024414          NaN          NaN    -0.001036   1.1491e-06    -0.030174   0.00037253
   0.00012207          NaN          NaN   -0.0005183   2.8728e-07    -0.015178   9.3115e-05
   6.1035e-05          NaN          NaN  -0.00025922   7.1819e-08   -0.0076119   2.3278e-05
   3.0518e-05          NaN          NaN  -0.00012963   1.7955e-08   -0.0038117   5.8193e-06
   1.5259e-05          NaN          NaN  -6.4819e-05   4.4879e-09   -0.0019073   1.4548e-06
   7.6294e-06          NaN          NaN  -3.2411e-05   1.1173e-09  -0.00095403   3.6371e-07
   3.8147e-06          NaN          NaN  -1.6206e-05   2.8422e-10   -0.0004771   9.0927e-08
   1.9073e-06          NaN          NaN  -8.1029e-06   6.5946e-11  -0.00023857   2.2733e-08
   9.5367e-07          NaN          NaN  -4.0515e-06  -6.8139e-12  -0.00011929   5.6816e-09

            h       err-1f       err-2c       err-1f       err-2c       err-1f       err-2c
            1          NaN          NaN     0.023029     -0.47253      0.38888     -0.15029
          0.5          NaN          NaN      0.23542     -0.31825      0.48375     -0.13476
         0.25          NaN          NaN      0.18336     -0.19468      0.35849     -0.12216
        0.125          NaN          NaN      0.11176    -0.068474      0.23522     -0.10834
       0.0625          NaN          NaN     0.062034   -0.0097259      0.14554    -0.090324
      0.03125          NaN          NaN     0.032819   -0.0023023     0.085884    -0.065602
     0.015625          NaN          NaN     0.016909   -0.0005687     0.048463    -0.032261
    0.0078125          NaN          NaN    0.0085869  -0.00014176     0.026272   -0.0044062
    0.0039062          NaN          NaN    0.0043277  -3.5415e-05     0.013802  -0.00098432
    0.0019531          NaN          NaN    0.0021725  -8.8521e-06     0.007097  -0.00024057
   0.00097656          NaN          NaN    0.0010885  -2.2129e-06    0.0036023  -5.9816e-05
   0.00048828          NaN          NaN   0.00054478  -5.5323e-07    0.0018153  -1.4934e-05
   0.00024414          NaN          NaN   0.00027253  -1.3831e-07    0.0009113  -3.7322e-06
   0.00012207          NaN          NaN    0.0001363  -3.4577e-08   0.00045657  -9.3298e-07
   6.1035e-05          NaN          NaN   6.8158e-05  -8.6442e-09   0.00022852  -2.3324e-07
   3.0518e-05          NaN          NaN   3.4081e-05   -2.161e-09   0.00011432   -5.831e-08
   1.5259e-05          NaN          NaN   1.7041e-05  -5.4013e-10   5.7173e-05  -1.4577e-08
   7.6294e-06          NaN          NaN   8.5207e-06  -1.3564e-10    2.859e-05  -3.6444e-09
   3.8147e-06          NaN          NaN   4.2604e-06  -3.3318e-11   1.4296e-05  -9.1109e-10
   1.9073e-06          NaN          NaN   2.1302e-06  -8.7621e-12   7.1482e-06  -2.2778e-10
   9.5367e-07          NaN          NaN   1.0651e-06  -1.4861e-12   3.5741e-06  -5.6852e-11

            h       err-1f       err-2c       err-1f       err-2c       err-1f       err-2c
            1       0.5403            0      0.49415    -0.029359      0.54275    0.0025911
          0.5      0.31027            0      0.37566     0.058598       0.3217     0.011318
         0.25      0.12111            0      0.18138     0.040577       0.1307    0.0093033
        0.125     0.043849            0     0.083748     0.014892     0.050503    0.0062209
       0.0625     0.015594            0     0.039381    0.0035124     0.019925    0.0037475
      0.03125    0.0055216            0     0.018958   0.00086732    0.0082297     0.001972
     0.015625    0.0019529            0    0.0092803   0.00021622    0.0035853   0.00078683
    0.0078125   0.00069051            0    0.0045884   5.4016e-05    0.0016397   0.00019561
    0.0039062   0.00024414            0     0.002281   1.3502e-05    0.0007778   4.7915e-05
    0.0019531   8.6317e-05            0    0.0011372   3.3753e-06   0.00037777   1.1926e-05
   0.00097656   3.0518e-05            0   0.00056774   8.4382e-07   0.00018601   2.9782e-06
   0.00048828    1.079e-05            0   0.00028366   2.1095e-07   9.2273e-05   7.4434e-07
   0.00024414   3.8147e-06            0   0.00014178   5.2738e-08   4.5952e-05   1.8607e-07
   0.00012207   1.3487e-06            0   7.0875e-05   1.3185e-08    2.293e-05   4.6517e-08
   6.1035e-05   4.7684e-07            0   3.5434e-05   3.2961e-09   1.1453e-05   1.1629e-08
   3.0518e-05   1.6859e-07            0   1.7716e-05   8.2404e-10   5.7238e-06   2.9073e-09
   1.5259e-05   5.9605e-08            0   8.8579e-06     2.06e-10   2.8611e-06   7.2683e-10
   7.6294e-06   2.1073e-08            0   4.4289e-06   5.1513e-11   1.4304e-06   1.8171e-10
   3.8147e-06   7.4506e-09            0   2.2144e-06   1.2945e-11   7.1515e-07   4.5427e-11
   1.9073e-06   2.6342e-09            0   1.1072e-06   3.1679e-12   3.5756e-07   1.1356e-11
   9.5367e-07   9.3132e-10            0   5.5361e-07   5.5309e-13   1.7878e-07   2.8388e-12
diary
