
format short g
hw13_3
       1st derivative                              2nd derivative
           h        err-1f       err-2c       err-2f        error
          0.1      0.09538   -0.0012624    0.0046076   -0.0055366
         0.05     0.048116  -0.00030953   0.00085127   -0.0013787
        0.025     0.024149  -7.7002e-05   0.00018138  -0.00034434
       0.0125     0.012095  -1.9227e-05   4.1777e-05  -8.6064e-05
      0.00625    0.0060526  -4.8052e-06    1.002e-05  -2.1515e-05
     0.003125    0.0030275  -1.2012e-06   2.4532e-06  -5.3786e-06
    0.0015625    0.0015141  -3.0029e-07   6.0692e-07  -1.3446e-06
   0.00078125   0.00075711  -7.5073e-08   1.5094e-07   -3.362e-07
   0.00039063   0.00037857  -1.8768e-08   3.7635e-08  -8.4245e-08
   0.00019531   0.00018929  -4.6921e-09   9.3965e-09  -2.1399e-08
   9.7656e-05   9.4647e-05   -1.173e-09   2.3478e-09  -6.4831e-09
   4.8828e-05   4.7324e-05  -2.9316e-10   5.8692e-10  -6.4831e-09
   2.4414e-05   2.3662e-05   -7.374e-11   1.4624e-10  -6.4831e-09
   1.2207e-05   1.1831e-05  -1.9171e-11   3.5967e-11  -5.3049e-08
   6.1035e-06   5.9155e-06  -2.6862e-12   1.4367e-11  -3.3245e-07
   3.0518e-06   2.9577e-06   1.8613e-12   8.6825e-12  -1.0775e-06
   1.5259e-06   1.4789e-06  -1.1781e-11  -1.6329e-11  -1.0775e-06
   7.6294e-07   7.3943e-07  -7.2337e-12   2.0051e-11    4.883e-06
   3.8147e-07   3.6976e-07   4.7336e-11    1.201e-10  -4.2801e-05
   1.9073e-07   1.8491e-07   6.5526e-11   1.3829e-10  -0.00013817
   9.5367e-08   9.2216e-08  -1.8913e-10  -3.3465e-10  -0.00051964
   4.7684e-08   4.5795e-08  -1.8913e-10  -3.3465e-10   -0.0096749
   2.3842e-08   2.3385e-08   6.8398e-10   1.5571e-09    -0.034089
   1.1921e-08   1.0579e-08   1.0191e-10  -1.0622e-09     -0.18057
   5.9605e-09   1.2661e-09  -3.3906e-09  -5.7189e-09     -0.37589
   2.9802e-09  -1.0622e-09  -1.0622e-09   1.2661e-09      -1.9384
   1.4901e-09   3.5944e-09    8.251e-09   1.7564e-08      -8.1884
   7.4506e-10   3.5944e-09   1.2908e-08   2.2221e-08      -26.938
   3.7253e-10  -5.2285e-08  -5.2285e-08  -7.0911e-08      -1.9384
   1.8626e-10  -5.2285e-08  -5.2285e-08   2.2221e-08      -1.9384
   9.3132e-11   1.7123e-07   2.4574e-07   5.4376e-07      -1601.9
   4.6566e-11   2.2221e-08   1.7123e-07   1.7123e-07      -6401.9
   2.3283e-11  -5.7383e-07  -5.7383e-07  -5.7383e-07      -1.9384
   1.1642e-11  -1.1699e-06  -1.1699e-06  -5.7383e-07      -1.9384
   5.8208e-12   2.4064e-06   3.5985e-06   8.3669e-06   -4.096e+05
   2.9104e-12   2.2221e-08   2.4064e-06   2.4064e-06  -1.6384e+06
   1.4552e-12  -9.5145e-06  -9.5145e-06  -9.5145e-06      -1.9384
    7.276e-13  -1.9051e-05  -1.9051e-05  -9.5145e-06      -1.9384
    3.638e-13   1.9096e-05   3.8169e-05    9.539e-05  -1.0486e+08
    1.819e-13  -1.9051e-05   1.9096e-05   1.9096e-05  -4.1943e+08
   9.0949e-14  -0.00017164  -0.00017164  -0.00017164      -1.9384



       1st derivative                          2nd derivative
           h        err-1f       err-2c       err-2f        error
            1      0.84147            0       2.0613     -0.31706
          0.5      0.49481            0      0.14814    -0.020768
         0.25      0.24984            0    0.0048666   -0.0013018
        0.125      0.12499            0   0.00015256  -8.1379e-05
       0.0625       0.0625            0   4.7683e-06  -5.0863e-06
      0.03125      0.03125            0   1.4901e-07  -3.1789e-07
     0.015625     0.015625            0   4.6566e-09  -1.9868e-08
    0.0078125    0.0078125            0   1.4552e-10  -1.2418e-09
    0.0039062    0.0039062            0   4.5475e-12   -7.761e-11
    0.0019531    0.0019531            0   1.4211e-13  -4.8506e-12
   0.00097656   0.00097656            0   4.4409e-15  -3.0309e-13
   0.00048828   0.00048828            0   1.3878e-16  -1.8874e-14
   0.00024414   0.00024414            0   4.3368e-18  -1.1102e-15
   0.00012207   0.00012207            0   1.3553e-19            0
   6.1035e-05   6.1035e-05            0            0            0
   3.0518e-05   3.0518e-05            0            0            0
   1.5259e-05   1.5259e-05            0            0            0
   7.6294e-06   7.6294e-06            0            0            0
   3.8147e-06   3.8147e-06            0            0            0
   1.9073e-06   1.9073e-06            0            0            0
   9.5367e-07   9.5367e-07            0            0            0
   4.7684e-07   4.7684e-07            0            0            0
   2.3842e-07   2.3842e-07            0            0            0
   1.1921e-07   1.1921e-07            0            0            0
   5.9605e-08   5.9605e-08            0            0            0
   2.9802e-08   2.9802e-08            0            0            0
   1.4901e-08   1.4901e-08            0            0            0
   7.4506e-09   7.4506e-09            0            0            0
   3.7253e-09   3.7253e-09            0            0            0
   1.8626e-09   1.8626e-09            0            0            0
   9.3132e-10   9.3132e-10            0            0            0
   4.6566e-10   4.6566e-10            0            0            0
   2.3283e-10   2.3283e-10            0            0            0
   1.1642e-10   1.1642e-10            0            0            0
   5.8208e-11   5.8208e-11            0            0            0
   2.9104e-11   2.9104e-11            0            0            0
   1.4552e-11   1.4552e-11            0            0            0
    7.276e-12    7.276e-12            0            0            0
    3.638e-12    3.638e-12            0            0            0
    1.819e-12    1.819e-12            0            0            0
   9.0949e-13   9.0949e-13            0            0            0




       1st derivative                              2nd derivative
           h        err-1f       err-2c       err-2f        error
          0.1      0.39537     0.021869    -0.058739     0.044553
         0.05      0.19136    0.0054452    -0.012651     0.011105
        0.025     0.094214    0.0013599   -0.0029336    0.0027743
       0.0125     0.046754    0.0003399  -0.00070615   0.00069345
      0.00625      0.02329   8.4969e-05  -0.00017321   0.00017336
     0.003125     0.011624   2.1242e-05  -4.2892e-05   4.3338e-05
    0.0015625    0.0058065   5.3105e-06  -1.0672e-05   1.0834e-05
   0.00078125    0.0029019   1.3276e-06  -2.6616e-06   2.7071e-06
   0.00039063    0.0014506    3.319e-07   -6.646e-07   6.7272e-07
   0.00019531   0.00072524   8.2977e-08  -1.6605e-07   1.4885e-07
   9.7656e-05    0.0003626   2.0745e-08  -4.1508e-08   -3.741e-08
   4.8828e-05   0.00018129    5.181e-09  -1.0394e-08  -1.7711e-07
   2.4414e-05   9.0645e-05   1.2975e-09  -2.6225e-09  -1.2947e-06
   1.2207e-05   4.5322e-05   3.2431e-10  -6.7614e-10  -2.0398e-06
   6.1035e-06   2.2661e-05    3.327e-11  -3.3053e-10  -8.0002e-06
   3.0518e-06    1.133e-05    -3.11e-12  -2.9415e-10  -6.7605e-05
   1.5259e-06   5.6649e-06    -3.11e-12  -7.3071e-10  -0.00044907
   7.6294e-07   2.8328e-06   1.4241e-10   4.3345e-10   0.00012313
   3.8147e-07   1.4155e-06  -1.4863e-10  -2.4769e-09   -0.0036916
   1.9073e-07   7.0882e-07   2.1797e-09   1.0155e-09    -0.015899
   9.5367e-08   3.5259e-07  -1.3128e-09  -5.9694e-09   -0.0036916
   4.7684e-08   1.7098e-07   3.3438e-09  -1.5283e-08     -0.39432
   2.3842e-08   8.7163e-08   3.3438e-09  -5.9694e-09     -0.39432
   1.1921e-08  -2.4596e-08  -2.4596e-08  -1.5498e-07      -7.4256
   5.9605e-09  -6.1849e-08  -2.4596e-08  -1.3635e-07      -19.926
   2.9802e-09  -1.3635e-07   1.2657e-08  -2.8537e-07      -107.43
   1.4901e-09   1.2657e-08   1.6167e-07   1.2657e-08      -207.43
   7.4506e-10  -2.8537e-07  -2.8537e-07  -8.8141e-07      -7.4256
   3.7253e-10   3.1068e-07   3.1068e-07   3.1068e-07      -7.4256
   1.8626e-10  -8.8141e-07   3.1068e-07  -3.2656e-06       -12807
   9.3132e-11  -3.2656e-06   1.5028e-06   -8.034e-06  -1.0241e+05
   4.6566e-11   1.5028e-06   1.5028e-06   1.5028e-06      -7.4256
   2.3283e-11   -8.034e-06   1.5028e-06  -2.7107e-05  -8.1921e+05
   1.1642e-11  -4.6181e-05   -8.034e-06   -0.0001034  -6.5536e+06
   5.8208e-12  -8.4328e-05   -8.034e-06  -0.00016062  -2.6214e+07
   2.9104e-12   -8.034e-06   -8.034e-06   -8.034e-06      -7.4256
   1.4552e-12   -8.034e-06   -8.034e-06  -0.00016062      -7.4256
    7.276e-13  -0.00061839   -8.034e-06   -0.0015339  -1.6777e+09
    3.638e-13   -8.034e-06   0.00060232   -8.034e-06  -3.3554e+09
    1.819e-13   -0.0012287   -0.0012287   -0.0036701      -7.4256
   9.0949e-14    0.0012127    0.0012127    0.0012127      -7.4256





       1st derivative                              2nd derivative
           h        err-1f       err-2c       err-2f        error
            1       4.6708            0      -63.506        3.905
          0.5       1.5441            0      -1.5825      0.73993
         0.25      0.70126            0     -0.14161      0.17349
        0.125      0.34245            0    -0.016349     0.042695
       0.0625      0.17022            0   -0.0020039     0.010632
      0.03125     0.084988            0  -0.00024927    0.0026554
     0.015625     0.042478            0  -3.1121e-05    0.0006637
    0.0078125     0.021237            0  -3.8889e-06   0.00016591
    0.0039062     0.010618            0  -4.8608e-07   4.1478e-05
    0.0019531    0.0053092            0  -6.0759e-08   1.0369e-05
   0.00097656    0.0026546            0  -7.5959e-09   2.5916e-06
   0.00048828    0.0013273            0  -9.5042e-10   6.4702e-07
   0.00024414   0.00066364            0  -1.2369e-10   1.4783e-07
   0.00012207   0.00033182            0  -2.0009e-11   1.3717e-08
   6.1035e-05   0.00016591            0   -1.819e-11   -1.651e-07
   3.0518e-05   8.2955e-05            0  -1.4552e-11   -1.651e-07
   1.5259e-05   4.1478e-05            0  -5.8208e-11  -2.0724e-06
   7.6294e-06   2.0739e-05            0  -1.1642e-10  -9.7018e-06
   3.8147e-06   1.0369e-05            0  -2.3283e-10  -4.0219e-05
   1.9073e-06   5.1847e-06            0  -2.3283e-10  -4.0219e-05
   9.5367e-07   2.5919e-06            0   -1.397e-09   -0.0010168
   4.7684e-07   1.2955e-06            0  -1.8626e-09   -0.0029699
   2.3842e-07   6.4634e-07            0  -4.6566e-09    -0.014689
   1.1921e-07   3.2037e-07            0  -9.3132e-09    -0.061564
   5.9605e-08   1.5646e-07            0  -1.4901e-08     -0.18656
   2.9802e-08   7.4506e-08            0  -2.2352e-08     -0.43656
   1.4901e-08   2.9802e-08            0  -4.4703e-08      -1.4366
   7.4506e-09            0            0  -8.9407e-08      -5.4366
   3.7253e-09            0            0  -1.1921e-07      -5.4366
   1.8626e-09            0            0  -2.3842e-07      -5.4366
   9.3132e-10            0            0  -4.7684e-07      -5.4366
   4.6566e-10            0            0  -9.5367e-07      -5.4366
   2.3283e-10            0            0  -1.9073e-06      -5.4366
   1.1642e-10            0            0  -3.8147e-06      -5.4366
   5.8208e-11            0            0  -7.6294e-06      -5.4366
   2.9104e-11            0            0  -1.5259e-05      -5.4366
   1.4552e-11            0            0  -3.0518e-05      -5.4366
    7.276e-12            0            0  -6.1035e-05      -5.4366
    3.638e-12            0            0  -0.00012207      -5.4366
    1.819e-12            0            0  -0.00024414      -5.4366
   9.0949e-13            0            0  -0.00048828      -5.4366





       1st derivative                              2nd derivative
           h        err-1f       err-2c       err-2f        error
          0.1     -0.28215   -0.0022291   -0.0011748     0.018698
         0.05     -0.14087  -0.00055811   0.00041192    0.0046793
        0.025    -0.070338  -0.00013958   0.00019122    0.0011701
       0.0125    -0.035139  -3.4898e-05   5.8814e-05   0.00029255
      0.00625    -0.017562  -8.7248e-06   1.6077e-05   7.3138e-05
     0.003125   -0.0087788  -2.1812e-06    4.191e-06   1.8285e-05
    0.0015625   -0.0043888   -5.453e-07   1.0692e-06   4.5711e-06
   0.00078125   -0.0021943  -1.3633e-07   2.6997e-07   1.1423e-06
   0.00039063   -0.0010971  -3.4082e-08   6.7828e-08   2.8408e-07
   0.00019531  -0.00054855  -8.5206e-09   1.6999e-08   6.5797e-08
   9.7656e-05  -0.00027427  -2.1297e-09   4.2584e-09    1.341e-08
   4.8828e-05  -0.00013714  -5.3124e-10   1.0695e-09  -3.3156e-08
   2.4414e-05  -6.8567e-05  -1.3561e-10   2.6457e-10  -2.1942e-07
   1.2207e-05  -3.4284e-05  -2.6471e-11   6.4478e-11  -3.1997e-06
   6.1035e-06  -1.7142e-05   9.9083e-12   2.8098e-11   -1.214e-05
   3.0518e-06  -8.5709e-06  -8.2816e-12   2.8098e-11  -1.8101e-05
   1.5259e-06  -4.2855e-06   6.4478e-11   1.3724e-10  -0.00011347
   7.6294e-07  -2.1431e-06  -8.1041e-11   -5.176e-10  -0.00087641
   3.8147e-07  -1.0715e-06   6.4478e-11   6.4655e-10   -0.0012579
   1.9073e-07  -5.3661e-07   6.4478e-11   -5.176e-10    -0.010413
   9.5367e-08  -2.6885e-07   6.4478e-11   1.2286e-09     -0.02262
   4.7684e-08  -1.3614e-07   1.2286e-09   1.2286e-09     -0.14469
   2.3842e-08  -7.5605e-08  -1.0997e-09  -5.7563e-09     -0.63297
   1.1921e-08  -3.8353e-08  -1.0997e-09   1.7527e-08     -0.63297
   5.9605e-09  -3.8353e-08  -1.0997e-09  -1.0997e-09       -6.883
   2.9802e-09  -3.8353e-08  -1.0997e-09   3.6153e-08      -19.383
   1.4901e-09  -3.8353e-08   3.6153e-08   1.1066e-07      -94.383
   7.4506e-10  -1.8736e-07   1.1066e-07  -3.8353e-08      -794.38
   3.7253e-10  -7.8341e-07  -1.8736e-07  -7.8341e-07      -3194.4
   1.8626e-10  -7.8341e-07  -1.8736e-07   4.0868e-07      -6394.4
   9.3132e-11  -1.9755e-06  -7.8341e-07  -7.8341e-07       -25594
   4.6566e-11   4.0868e-07   4.0868e-07   7.5612e-06        5.617
   2.3283e-11  -9.1281e-06   4.0868e-07  -9.1281e-06  -8.1919e+05
   1.1642e-11  -2.8202e-05  -9.1281e-06  -2.8202e-05  -3.2768e+06
   5.8208e-12  -2.8202e-05   9.9454e-06   9.9454e-06  -1.3107e+07
   2.9104e-12   -0.0001045  -2.8202e-05   -0.0001045  -5.2429e+07
   1.4552e-12   -0.0001045  -2.8202e-05   4.8092e-05  -1.0486e+08
    7.276e-13   4.8092e-05   4.8092e-05   0.00050586        5.617
    3.638e-13  -0.00056226   4.8092e-05  -0.00056226  -3.3554e+09
    1.819e-13  -0.00056226   4.8092e-05   0.00065844  -6.7109e+09
   9.0949e-14   -0.0030037  -0.00056226   -0.0030037  -5.3687e+10





       1st derivative                          2nd derivative
           h        err-1f       err-2c       err-2f        error
            1      -2.5068      -1.0907      -1.8085       1.1677
          0.5      -1.2365     -0.31706     0.033943      0.32242
         0.25     -0.57197    -0.082298     0.092518     0.082642
        0.125     -0.26947    -0.020768      0.03303      0.02079
       0.0625     -0.13004   -0.0052043    0.0093858    0.0052056
      0.03125    -0.063781   -0.0013018    0.0024786    0.0013019
     0.015625    -0.031573   -0.0003255   0.00063556   0.00032551
    0.0078125    -0.015706  -8.1379e-05   0.00016084    8.138e-05
    0.0039062   -0.0078328  -2.0345e-05   4.0451e-05   2.0345e-05
    0.0019531   -0.0039113  -5.0863e-06   1.0143e-05   5.0862e-06
   0.00097656   -0.0019544  -1.2716e-06   2.5394e-06   1.2715e-06
   0.00048828  -0.00097688  -3.1789e-07   6.3532e-07   3.1758e-07
   0.00024414  -0.00048836  -7.9473e-08   1.5889e-07   7.8231e-08
   0.00012207  -0.00024416  -1.9868e-08   3.9729e-08   1.4901e-08
   6.1035e-05  -0.00012208  -4.9668e-09   9.9353e-09   2.9802e-08
   3.0518e-05  -6.1036e-05  -1.2424e-09   2.4775e-09  -1.1921e-07
   1.5259e-05  -3.0518e-05  -3.0923e-10   6.3301e-10   4.7684e-07
   7.6294e-06  -1.5259e-05  -8.0036e-11   1.3097e-10  -1.9073e-06
   3.8147e-06  -7.6294e-06  -1.4552e-11   8.7311e-11   7.6294e-06
   1.9073e-06  -3.8147e-06            0            0            0
   9.5367e-07  -1.9073e-06            0            0            0
   4.7684e-07  -9.5367e-07            0            0            0
   2.3842e-07  -4.7684e-07            0            0            0
   1.1921e-07  -2.3842e-07            0            0            0
   5.9605e-08  -1.1921e-07            0            0            0
   2.9802e-08  -5.9605e-08            0            0            0
   1.4901e-08  -2.9802e-08            0            0            0
   7.4506e-09            0   7.4506e-09   2.9802e-08            2
   3.7253e-09            0            0            0            4
   1.8626e-09            0            0            0            4
   9.3132e-10            0            0            0            4
   4.6566e-10            0            0            0            4
   2.3283e-10            0            0            0            4
   1.1642e-10            0            0            0            4
   5.8208e-11            0            0            0            4
   2.9104e-11            0            0            0            4
   1.4552e-11            0            0            0            4
    7.276e-12            0            0            0            4
    3.638e-12            0            0            0            4
    1.819e-12            0            0            0            4
   9.0949e-13            0            0            0            4
diary
