
Hw3_4
         n        sin(22*n)                 sin(44*n)
         1      -0.00885130929040388        0.0177019251054136
         2        0.0177019251054136        0.0353983027336607
         3       -0.0265511540239668        0.0530835871460582
         4        0.0353983027336607        0.0707522360803452
         5        -0.044242678085071        0.0883987124875315
         6        0.0530835871460582         0.106017486267114
         7       -0.0619203372560573         0.123603036000113
         8        0.0707522360803452         0.141149850679391
         9       -0.0795785916642835         0.158652431436708
         10        0.0883987124875315         0.176105293265966
diary
