hw11_4
Coefficients of 13.2a          Coefficients of 13.2b
            1            1
         -210           -2
        20615       1.3333
  -1.2568e+06     -0.38095
   5.3328e+07     0.050793
  -1.6723e+09   -0.0032769
   4.0172e+10   0.00010403
  -7.5611e+11  -1.6381e-06
    1.131e+13   1.2846e-08
  -1.3559e+14  -5.0267e-11
   1.3075e+15   9.8225e-14
  -1.0142e+16  -9.5876e-17
   6.3031e+16   4.6735e-20
  -3.1133e+17  -1.1367e-23
   1.2066e+18   1.3768e-27
     -3.6e+18  -8.2721e-32
   8.0378e+18   2.4456e-36
  -1.2871e+19  -3.4985e-41
   1.3804e+19   2.3355e-46
  -8.7529e+18  -6.6819e-52
   2.4329e+18   6.3724e-58

  roots of q1  roots of q2
           20            1
       19.001          0.5
       17.994         0.25
       17.019        0.125
        15.96       0.0625
       15.059      0.03125
        13.93     0.015625
       13.063    0.0078125
       11.959    0.0039063
       11.022    0.0019531
       9.9912   0.00097656
       9.0027   0.00048828
       7.9994   0.00024414
       7.0001   0.00012207
            6   6.1035e-05
            5   3.0518e-05
            4   1.5259e-05
            3   7.6294e-06
            2   3.8147e-06
            1   1.9073e-06

  error
  -6.2972e-06            0
   6.8179e-05  -7.2164e-15
  -0.00035158   8.8818e-16
    0.0010907   2.2204e-16
   -0.0025177   9.5479e-15
    0.0039551   -5.218e-15
   -0.0049867  -7.2164e-15
    0.0048203   1.9984e-15
   -0.0034272   8.8818e-16
    0.0020422   4.1966e-14
  -0.00088091  -8.6375e-14
   0.00030142    7.816e-14
  -7.5711e-05  -3.1308e-14
    1.385e-05  -3.0642e-14
  -1.7461e-06   9.4813e-14
   1.4111e-07  -1.5343e-13
  -6.5344e-09   1.9429e-13
   1.4829e-10  -1.4022e-13
  -8.0835e-13   2.3315e-14
  -5.1181e-14   1.1768e-14

diary
