hw6_4b
  n values     no pivots          patial pivoting         full             matlab \
              cpu      elapsed    cpu       elapsed   cpu      elapsed    cpu       elapsed           
  500.0000    1.3000    0.6296    1.4800    0.6925    0.8900    0.4316    0.0100    0.0055

  600.0000    2.5900    1.2889    1.9300    1.1498    1.2300    0.7400    0.0100    0.0081

  700.0000    2.9700    1.9669    2.9600    2.0070    2.4900    1.3684    0.0200    0.0123

  800.0000    6.0100    3.4538    6.4300    3.6869    3.5900    2.2883    0.0300    0.0199

  900.0000    6.6000    4.5269    6.8500    4.4567    4.4800    2.9545    0.0400    0.0252

   1.0e+03 *

    1.0000    0.0102    0.0063    0.0088    0.0072    0.0058    0.0047    0.0001    0.0000

diary
