hw6_1
       n value             A*B                     Ax=b   
                      cpu        time elapsed    cpu   time elapsed   ratio of cputime    ratio of time elapsed
         1000         0.17     0.061799         0.28     0.073186      0.60714      0.84441
         1500         0.46      0.16571         0.31      0.13089       1.4839        1.266
         2000         0.57      0.27487         0.49      0.21809       1.1633       1.2603
         2500         1.26       0.6543         0.52      0.31732       2.4231        2.062
         3000         2.18        1.152          0.9      0.55946       2.4222       2.0591
         3500         4.26       2.0836         1.79      0.85722       2.3799       2.4306
         4000         4.93       2.6118         3.67       1.6478       1.3433        1.585
         4500        10.95       5.3869         4.22       2.8983       2.5948       1.8586
         5000        15.84       8.2978         7.01       4.4071       2.2596       1.8828
        n values       A\eye(size(A))                A^(-1)            inv(A)  
                    cpu        time elapsed    cpu       time elapsed     cpu      time elapsed 
         1000         0.25      0.13109          0.2      0.13109         0.16     0.093356
         1500         0.39       0.2206         0.34       0.2206         0.37      0.20058
         2000         1.37      0.61954         1.01      0.61954         0.76      0.42194
         2500         2.06       1.0723         2.19       1.0723         2.15       1.1688
         3000         3.78       1.3942         2.48       1.3942          2.7       1.4154
         3500         5.05       2.1146          3.8       2.1146         3.57       1.9133
         4000         6.57       2.6333         4.92       2.6333         4.87       2.5776
         4500         9.37       3.7773         7.06       3.7773         6.88       3.6692
         5000        13.34       5.7393        10.68       5.7393         12.8       8.2056
diary
